t	x	y	
0.000	7.522E-3	0.298
0.033	7.889E-3	0.298
0.067	8.318E-3	0.298
0.100	8.955E-3	0.298
0.133	9.645E-3	0.297
0.167	1.028E-2	0.297
0.200	1.113E-2	0.297
0.233	1.173E-2	0.297
0.267	1.257E-2	0.296
0.300	1.340E-2	0.296
0.333	1.407E-2	0.296
0.367	1.492E-2	0.296
0.400	1.566E-2	0.296
0.433	1.671E-2	0.295
0.467	1.772E-2	0.295
0.500	1.860E-2	0.294
0.533	1.959E-2	0.293
0.567	2.088E-2	0.293
0.600	2.198E-2	0.294
0.633	2.294E-2	0.293
0.667	2.400E-2	0.292
0.700	2.527E-2	0.292
0.733	2.647E-2	0.291
0.767	2.777E-2	0.291
0.800	2.876E-2	0.291
0.833	3.014E-2	0.291
0.867	3.140E-2	0.290
0.900	3.260E-2	0.290
0.933	3.400E-2	0.290
0.967	3.528E-2	0.290
1.000	3.660E-2	0.289
1.033	3.800E-2	0.289
1.067	3.949E-2	0.288
1.100	4.111E-2	0.288
1.133	4.266E-2	0.287
1.167	4.428E-2	0.287
1.200	4.579E-2	0.286
1.233	4.721E-2	0.286
1.267	4.882E-2	0.286
1.300	5.057E-2	0.285
1.333	5.225E-2	0.285
1.367	5.411E-2	0.284
1.400	5.577E-2	0.284
1.433	5.729E-2	0.283
1.467	5.921E-2	0.283
1.500	6.099E-2	0.283
1.533	6.274E-2	0.282
1.567	6.464E-2	0.282
1.600	6.659E-2	0.281
1.633	6.842E-2	0.281
1.667	7.051E-2	0.280
1.700	7.237E-2	0.279
1.733	7.435E-2	0.279
1.767	7.657E-2	0.278
1.800	7.853E-2	0.278
1.833	8.079E-2	0.278
1.867	8.278E-2	0.277
1.900	8.499E-2	0.276
1.933	8.723E-2	0.276
1.967	8.937E-2	0.275
2.000	9.147E-2	0.274
2.033	9.384E-2	0.274
2.067	9.615E-2	0.273
2.100	9.853E-2	0.273
2.133	0.101	0.272
2.167	0.103	0.271
2.200	0.106	0.271
2.233	0.108	0.270
2.267	0.111	0.269
2.300	0.113	0.268
2.333	0.116	0.267
2.367	0.118	0.267
2.400	0.121	0.266
2.433	0.123	0.266
2.467	0.126	0.265
2.500	0.129	0.264
2.533	0.132	0.264
2.567	0.134	0.263
2.600	0.137	0.262
2.633	0.140	0.261
2.667	0.143	0.261
2.700	0.146	0.260
2.733	0.149	0.259
2.767	0.152	0.258
2.800	0.155	0.257
2.833	0.157	0.256
2.867	0.160	0.255
2.900	0.163	0.254
2.933	0.166	0.254
2.967	0.169	0.252
3.000	0.173	0.251
3.033	0.176	0.250
3.067	0.179	0.250
3.100	0.182	0.248
3.133	0.185	0.247
3.167	0.189	0.246
3.200	0.192	0.245
3.233	0.195	0.244
3.267	0.199	0.243
3.300	0.202	0.242
3.333	0.205	0.242
3.367	0.209	0.240
3.400	0.212	0.240
3.433	0.216	0.237
3.467	0.220	0.235
3.500	0.223	0.233
3.533	0.227	0.232
3.567	0.230	0.231
3.600	0.234	0.229
3.633	0.238	0.228
3.667	0.242	0.226
3.700	0.245	0.225
3.733	0.249	0.223
3.767	0.253	0.221
3.800	0.257	0.220
3.833	0.261	0.218
3.867	0.265	0.216
3.900	0.269	0.214
3.933	0.273	0.213
3.967	0.277	0.211
4.000	0.281	0.209
4.033	0.285	0.207
4.067	0.290	0.205
4.100	0.294	0.203
4.133	0.298	0.201
4.167	0.303	0.200
4.200	0.307	0.198
4.233	0.311	0.195
4.267	0.316	0.194
4.300	0.320	0.192
4.333	0.320	0.192
4.367	0.325	0.189
4.400	0.329	0.188
4.433	0.334	0.186
4.467	0.339	0.184
4.500	0.344	0.182
4.533	0.349	0.180
4.567	0.353	0.179
4.600	0.359	0.177
4.633	0.364	0.176
4.667	0.369	0.174
4.700	0.374	0.172
4.733	0.379	0.171
4.767	0.384	0.170
4.800	0.390	0.168
4.833	0.395	0.168
4.867	0.400	0.167
4.900	0.405	0.166
4.933	0.411	0.164
4.967	0.417	0.163
5.000	0.422	0.162
5.033	0.427	0.161
5.067	0.433	0.160
5.100	0.438	0.159
5.133	0.444	0.159
5.167	0.449	0.159
5.200	0.455	0.158
5.233	0.460	0.158
5.267	0.466	0.157
5.300	0.472	0.157
5.333	0.477	0.157
5.367	0.483	0.156
5.400	0.488	0.156
5.433	0.494	0.156
5.467	0.500	0.156
5.500	0.505	0.156
5.533	0.511	0.157
5.567	0.516	0.157
5.600	0.522	0.157
5.633	0.527	0.157
5.667	0.533	0.158
5.700	0.538	0.158
5.733	0.543	0.158
5.767	0.549	0.159
5.800	0.554	0.160
5.833	0.560	0.161
5.867	0.565	0.161
5.900	0.570	0.162
5.933	0.575	0.163
5.967	0.580	0.165
6.000	0.586	0.166
6.033	0.591	0.167
6.067	0.596	0.167
6.100	0.601	0.167
6.133	0.606	0.169
6.167	0.611	0.169
6.200	0.616	0.170
6.233	0.621	0.171
6.267	0.626	0.172
6.300	0.631	0.172
6.333	0.636	0.174
6.367	0.640	0.174
6.400	0.645	0.176
6.433	0.650	0.177
6.467	0.655	0.178
6.500	0.660	0.179
6.533	0.664	0.180
6.567	0.669	0.181
6.600	0.674	0.182
6.633	0.678	0.183
6.667	0.683	0.183
6.700	0.687	0.185
6.733	0.692	0.186
6.767	0.696	0.187
6.800	0.701	0.188
6.833	0.705	0.188
6.867	0.710	0.189
6.900	0.714	0.190
6.933	0.719	0.190
6.967	0.723	0.191
7.000	0.727	0.192
7.033	0.732	0.193
7.067	0.736	0.193
7.100	0.740	0.194
7.133	0.744	0.195
7.167	0.749	0.195
7.200	0.753	0.195
7.233	0.758	0.195
7.267	0.762	0.196
7.300	0.766	0.197
7.333	0.770	0.197
7.367	0.775	0.198
7.400	0.779	0.199
7.433	0.783	0.199
7.467	0.788	0.199
7.500	0.792	0.199
7.533	0.796	0.198
7.567	0.801	0.198
7.600	0.805	0.198
7.633	0.809	0.198
7.667	0.813	0.198
7.700	0.817	0.198
7.733	0.821	0.198
7.767	0.826	0.198
7.800	0.830	0.198
7.833	0.834	0.198
7.867	0.838	0.198
7.900	0.842	0.198
7.933	0.847	0.198
7.967	0.851	0.198
8.000	0.855	0.197
8.033	0.859	0.198
8.067	0.863	0.197
8.100	0.868	0.197
8.133	0.872	0.197
8.167	0.876	0.197
8.200	0.880	0.196
8.233	0.884	0.196
8.267	0.888	0.196
8.300	0.893	0.195
8.333	0.897	0.195
8.367	0.901	0.195
8.400	0.905	0.194
8.433	0.910	0.194
8.467	0.914	0.193
8.500	0.918	0.193
8.533	0.922	0.192
8.567	0.927	0.192
8.600	0.931	0.191
8.633	0.935	0.190
8.667	0.940	0.190
8.700	0.944	0.189
8.733	0.948	0.188
8.767	0.953	0.187
8.800	0.957	0.186
8.833	0.961	0.185
8.867	0.965	0.184
8.900	0.970	0.183
8.933	0.974	0.183
8.967	0.979	0.183
9.000	0.983	0.182
9.033	0.988	0.180
9.067	0.993	0.178
9.100	0.997	0.176
9.133	1.001	0.174
9.167	1.006	0.172
9.200	1.011	0.170
9.233	1.015	0.169
9.267	1.020	0.166
9.300	1.025	0.165
9.333	1.029	0.163
9.367	1.034	0.161
9.400	1.039	0.159
9.433	1.044	0.157
9.467	1.049	0.155
9.500	1.053	0.153
9.533	1.058	0.151
9.567	1.063	0.149
9.600	1.069	0.148
9.633	1.074	0.145
9.667	1.079	0.143
9.700	1.084	0.142
9.733	1.089	0.140
9.767	1.094	0.137
9.800	1.100	0.135
9.833	1.105	0.134
9.867	1.110	0.132
9.900	1.116	0.131
9.933	1.121	0.129
9.967	1.127	0.128
10.000	1.133	0.126
10.033	1.138	0.125
10.067	1.144	0.124
10.100	1.149	0.123
10.133	1.155	0.122
10.167	1.161	0.121
10.200	1.167	0.121
10.233	1.173	0.121
10.267	1.179	0.120
10.300	1.185	0.119
10.333	1.190	0.119
10.367	1.196	0.118
10.400	1.202	0.118
10.433	1.207	0.118
10.467	1.213	0.118
10.500	1.218	0.117
10.533	1.224	0.117
10.567	1.230	0.117
10.600	1.235	0.117
10.633	1.241	0.117
10.667	1.247	0.117
10.700	1.253	0.116
10.733	1.259	0.117
10.767	1.264	0.117
10.800	1.270	0.117
10.833	1.276	0.117
10.867	1.281	0.117
10.900	1.287	0.117
10.933	1.293	0.118
10.967	1.298	0.118
11.000	1.304	0.118
11.033	1.310	0.119
11.067	1.316	0.117
11.100	1.321	0.118
11.133	1.327	0.119
11.167	1.332	0.119
11.200	1.338	0.119
11.233	1.343	0.120
11.267	1.349	0.120
11.300	1.355	0.119
11.333	1.360	0.119
