	mass A		
t	x	y	
0.000	9.119E-3	0.313
0.033	8.941E-3	0.313
0.067	9.319E-3	0.313
0.100	9.456E-3	0.313
0.133	9.700E-3	0.313
0.167	9.648E-3	0.313
0.200	9.717E-3	0.313
0.233	1.008E-2	0.312
0.267	1.034E-2	0.312
0.300	1.072E-2	0.313
0.333	1.111E-2	0.312
0.367	1.092E-2	0.312
0.400	1.273E-2	0.311
0.433	1.286E-2	0.311
0.467	1.550E-2	0.310
0.500	1.600E-2	0.309
0.533	1.643E-2	0.309
0.567	1.688E-2	0.309
0.600	1.757E-2	0.309
0.633	1.813E-2	0.308
0.667	1.871E-2	0.308
0.700	1.925E-2	0.308
0.733	1.997E-2	0.307
0.767	2.082E-2	0.307
0.800	2.159E-2	0.307
0.833	2.223E-2	0.307
0.867	2.295E-2	0.306
0.900	2.393E-2	0.306
0.933	2.467E-2	0.306
0.967	2.546E-2	0.306
1.000	2.647E-2	0.306
1.033	2.754E-2	0.305
1.067	2.848E-2	0.305
1.100	2.946E-2	0.305
1.133	3.051E-2	0.305
1.167	3.187E-2	0.304
1.200	3.312E-2	0.304
1.233	3.402E-2	0.304
1.267	3.530E-2	0.303
1.300	3.657E-2	0.303
1.333	3.789E-2	0.303
1.367	3.915E-2	0.302
1.400	4.056E-2	0.302
1.433	4.177E-2	0.301
1.467	4.299E-2	0.301
1.500	4.424E-2	0.301
1.533	4.565E-2	0.300
1.567	4.702E-2	0.300
1.600	4.838E-2	0.300
1.633	5.000E-2	0.299
1.667	5.181E-2	0.299
1.700	5.348E-2	0.299
1.733	5.512E-2	0.298
1.767	5.665E-2	0.298
1.800	5.846E-2	0.297
1.833	5.999E-2	0.297
1.867	6.153E-2	0.297
1.900	6.322E-2	0.296
1.933	6.517E-2	0.296
1.967	6.705E-2	0.295
2.000	6.867E-2	0.295
2.033	7.054E-2	0.294
2.067	7.253E-2	0.294
2.100	7.424E-2	0.294
2.133	7.619E-2	0.293
2.167	7.816E-2	0.292
2.200	8.005E-2	0.292
2.233	8.186E-2	0.291
2.267	8.410E-2	0.291
2.300	8.611E-2	0.290
2.333	8.839E-2	0.290
2.367	9.029E-2	0.289
2.400	9.272E-2	0.289
2.433	9.453E-2	0.288
2.467	9.708E-2	0.287
2.500	9.919E-2	0.287
2.533	0.101	0.286
2.567	0.104	0.286
2.600	0.106	0.285
2.633	0.108	0.284
2.667	0.111	0.284
2.700	0.113	0.283
2.733	0.116	0.282
2.767	0.118	0.282
2.800	0.120	0.281
2.833	0.123	0.280
2.867	0.126	0.280
2.900	0.128	0.279
2.933	0.131	0.278
2.967	0.133	0.277
3.000	0.136	0.277
3.033	0.139	0.276
3.067	0.141	0.275
3.100	0.144	0.274
3.133	0.147	0.274
3.167	0.150	0.272
3.200	0.153	0.272
3.233	0.156	0.271
3.267	0.159	0.270
3.300	0.162	0.269
3.333	0.165	0.268
3.367	0.168	0.267
3.400	0.171	0.266
3.433	0.174	0.265
3.467	0.177	0.264
3.500	0.180	0.263
3.533	0.183	0.263
3.567	0.186	0.262
3.600	0.190	0.260
3.633	0.193	0.260
3.667	0.196	0.258
3.700	0.199	0.257
3.733	0.202	0.257
3.767	0.205	0.257
3.800	0.209	0.256
3.833	0.213	0.255
3.867	0.217	0.253
3.900	0.221	0.251
3.933	0.223	0.249
3.967	0.226	0.247
4.000	0.230	0.246
4.033	0.234	0.244
4.067	0.237	0.243
4.100	0.241	0.241
4.133	0.245	0.240
4.167	0.248	0.238
4.200	0.252	0.237
4.233	0.256	0.235
4.267	0.260	0.233
4.300	0.264	0.232
4.333	0.268	0.230
4.367	0.272	0.229
4.400	0.276	0.227
4.433	0.280	0.225
4.467	0.284	0.223
4.500	0.288	0.221
4.533	0.293	0.219
4.567	0.297	0.217
4.600	0.301	0.215
4.633	0.305	0.213
4.667	0.310	0.211
4.700	0.314	0.210
4.733	0.319	0.208
4.767	0.323	0.206
4.800	0.327	0.204
4.833	0.332	0.202
4.867	0.337	0.200
4.900	0.341	0.199
4.933	0.346	0.197
4.967	0.351	0.195
5.000	0.356	0.193
5.033	0.361	0.191
5.067	0.366	0.190
5.100	0.370	0.188
5.133	0.376	0.186
5.167	0.381	0.185
5.200	0.386	0.183
5.233	0.391	0.182
5.267	0.396	0.181
5.300	0.401	0.181
5.333	0.407	0.181
5.367	0.413	0.178
5.400	0.418	0.176
5.433	0.423	0.175
5.467	0.429	0.174
5.500	0.434	0.173
5.533	0.440	0.173
5.567	0.446	0.172
5.600	0.451	0.171
5.633	0.457	0.171
5.667	0.462	0.170
5.700	0.468	0.170
5.733	0.473	0.170
5.767	0.479	0.169
5.800	0.485	0.169
5.833	0.490	0.169
5.867	0.496	0.169
5.900	0.501	0.168
5.933	0.507	0.168
5.967	0.512	0.169
6.000	0.517	0.169
6.033	0.523	0.169
6.067	0.528	0.169
6.100	0.534	0.170
6.133	0.539	0.170
6.167	0.545	0.170
6.200	0.550	0.171
6.233	0.556	0.172
6.267	0.561	0.172
6.300	0.566	0.173
6.333	0.572	0.173
6.367	0.577	0.174
6.400	0.582	0.175
6.433	0.587	0.176
6.467	0.592	0.179
6.500	0.598	0.180
6.533	0.603	0.179
6.567	0.608	0.179
6.600	0.613	0.180
6.633	0.619	0.181
6.667	0.624	0.182
6.700	0.629	0.183
6.733	0.634	0.184
6.767	0.639	0.185
6.800	0.643	0.186
6.833	0.648	0.187
6.867	0.653	0.188
6.900	0.658	0.189
6.933	0.663	0.190
6.967	0.667	0.191
7.000	0.672	0.192
7.033	0.677	0.193
7.067	0.681	0.194
7.100	0.686	0.195
7.133	0.691	0.196
7.167	0.695	0.197
7.200	0.700	0.198
7.233	0.704	0.198
7.267	0.709	0.199
7.300	0.713	0.200
7.333	0.718	0.201
7.367	0.722	0.202
7.400	0.727	0.203
7.433	0.731	0.203
7.467	0.736	0.204
7.500	0.740	0.204
7.533	0.740	0.204
7.567	0.744	0.205
7.600	0.749	0.206
7.633	0.753	0.206
7.667	0.758	0.207
7.700	0.762	0.207
7.733	0.766	0.207
7.767	0.770	0.208
7.800	0.774	0.208
7.833	0.779	0.209
7.867	0.782	0.210
7.900	0.786	0.211
7.933	0.791	0.212
7.967	0.796	0.211
8.000	0.801	0.210
8.033	0.805	0.210
8.067	0.809	0.210
8.100	0.813	0.210
8.133	0.818	0.210
8.167	0.822	0.210
8.200	0.826	0.210
8.233	0.830	0.210
8.267	0.834	0.210
8.300	0.838	0.210
8.333	0.843	0.210
8.367	0.847	0.210
8.400	0.851	0.210
8.433	0.855	0.210
8.467	0.860	0.210
8.500	0.864	0.209
8.533	0.868	0.209
8.567	0.873	0.209
8.600	0.877	0.209
8.633	0.881	0.209
8.667	0.886	0.208
8.700	0.890	0.208
8.733	0.894	0.208
8.767	0.898	0.208
8.800	0.903	0.208
8.833	0.907	0.207
8.867	0.911	0.207
8.900	0.915	0.206
8.933	0.920	0.206
8.967	0.924	0.205
9.000	0.928	0.205
9.033	0.932	0.204
9.067	0.937	0.204
9.100	0.941	0.203
9.133	0.946	0.202
9.167	0.950	0.202
9.200	0.955	0.201
9.233	0.959	0.200
9.267	0.963	0.199
9.300	0.967	0.198
9.333	0.971	0.197
9.367	0.975	0.196
9.400	0.979	0.196
9.433		
9.467		
9.500		
9.533	1.000	0.190
9.567	1.004	0.188
9.600	1.008	0.186
9.633	1.012	0.185
9.667	1.017	0.183
9.700	1.021	0.182
9.733	1.026	0.180
9.767	1.030	0.178
9.800	1.035	0.176
9.833	1.040	0.175
9.867	1.045	0.173
9.900	1.049	0.171
9.933	1.054	0.169
9.967	1.059	0.167
10.000	1.064	0.165
10.033	1.069	0.163
10.067	1.074	0.161
10.100	1.079	0.159
10.133	1.084	0.157
10.167	1.089	0.156
10.200	1.094	0.154
10.233	1.099	0.152
10.267	1.105	0.150
10.300	1.110	0.148
10.333	1.115	0.146
10.367	1.120	0.145
10.400	1.126	0.143
10.433	1.132	0.141
10.467	1.137	0.140
10.500	1.143	0.139
10.533	1.154	0.135
10.567	1.171	0.133
10.600		
10.633	1.201	0.129
10.667	1.219	0.128
10.700	1.243	0.128
10.733	1.272	0.128
10.767	1.307	0.128
10.800	1.355	0.129
