t	x	y	
0.000	-1.020E-2	0.312
0.033	-9.745E-3	0.312
0.067	-9.809E-3	0.312
0.100	-9.569E-3	0.312
0.133	-9.593E-3	0.312
0.167	-9.406E-3	0.312
0.200	-9.047E-3	0.312
0.233	-8.373E-3	0.312
0.267	-8.198E-3	0.312
0.300	-8.072E-3	0.312
0.333	-7.888E-3	0.312
0.367	-7.048E-3	0.312
0.400	-6.714E-3	0.312
0.433	-6.492E-3	0.311
0.467	-5.689E-3	0.312
0.500	-5.294E-3	0.311
0.533	-5.037E-3	0.311
0.567	-4.195E-3	0.311
0.600	-3.813E-3	0.311
0.633	-3.348E-3	0.311
0.667	-2.495E-3	0.311
0.700	-2.027E-3	0.311
0.733	-1.183E-3	0.311
0.767	-6.661E-4	0.310
0.800	3.178E-4	0.309
0.833	1.055E-3	0.309
0.867	1.959E-3	0.309
0.900	2.762E-3	0.309
0.933	3.389E-3	0.308
0.967	4.502E-3	0.308
1.000	5.550E-3	0.308
1.033	6.244E-3	0.308
1.067	7.409E-3	0.308
1.100	8.038E-3	0.308
1.133	9.287E-3	0.307
1.167	1.043E-2	0.306
1.200	1.134E-2	0.306
1.233	1.237E-2	0.306
1.267	1.354E-2	0.305
1.300	1.473E-2	0.305
1.333	1.606E-2	0.305
1.367	1.721E-2	0.304
1.400	1.847E-2	0.304
1.433	1.980E-2	0.304
1.467	2.096E-2	0.303
1.500	2.237E-2	0.303
1.533	2.353E-2	0.303
1.567	2.479E-2	0.302
1.600	2.645E-2	0.302
1.633	2.762E-2	0.302
1.667	2.927E-2	0.301
1.700	3.068E-2	0.300
1.733	3.239E-2	0.300
1.767	3.409E-2	0.300
1.800	3.576E-2	0.299
1.833	3.735E-2	0.299
1.867	3.886E-2	0.299
1.900	4.036E-2	0.299
1.933	4.208E-2	0.298
1.967	4.376E-2	0.298
2.000	4.554E-2	0.297
2.033	4.719E-2	0.297
2.067	4.898E-2	0.296
2.100	5.082E-2	0.295
2.133	5.293E-2	0.296
2.167	5.465E-2	0.295
2.200	5.663E-2	0.295
2.233	5.865E-2	0.294
2.267	6.038E-2	0.293
2.300	6.248E-2	0.293
2.333	6.461E-2	0.292
2.367	6.674E-2	0.291
2.400	6.890E-2	0.291
2.433	7.098E-2	0.291
2.467	7.289E-2	0.288
2.500	7.494E-2	0.289
2.533	7.733E-2	0.288
2.567	7.963E-2	0.288
2.600	8.174E-2	0.287
2.633	8.429E-2	0.285
2.667	8.639E-2	0.285
2.700	8.871E-2	0.285
2.733	9.113E-2	0.284
2.767	9.340E-2	0.283
2.800	9.593E-2	0.283
2.833	9.860E-2	0.282
2.867	0.101	0.282
2.900	0.103	0.281
2.933	0.106	0.280
2.967	0.109	0.280
3.000	0.111	0.279
3.033	0.114	0.279
3.067	0.117	0.278
3.100	0.119	0.277
3.133	0.122	0.277
3.167	0.125	0.276
3.200	0.128	0.276
3.233	0.130	0.274
3.267	0.133	0.273
3.300	0.136	0.273
3.333	0.139	0.271
3.367	0.142	0.270
3.400	0.145	0.269
3.433	0.148	0.268
3.467	0.151	0.268
3.500	0.154	0.267
3.533	0.157	0.266
3.567	0.160	0.265
3.600	0.164	0.263
3.633	0.167	0.262
3.667	0.170	0.261
3.700	0.173	0.260
3.733	0.177	0.259
3.767	0.180	0.258
3.800	0.183	0.256
3.833	0.187	0.255
3.867	0.190	0.255
3.900	0.194	0.254
3.933	0.197	0.253
3.967	0.201	0.252
4.000	0.204	0.251
4.033	0.208	0.249
4.067	0.212	0.248
4.100	0.215	0.246
4.133	0.219	0.244
4.167	0.223	0.243
4.200	0.227	0.241
4.233	0.230	0.240
4.267	0.234	0.238
4.300	0.238	0.237
4.333	0.242	0.234
4.367	0.246	0.233
4.400	0.250	0.231
4.433	0.254	0.229
4.467	0.258	0.228
4.500	0.262	0.225
4.533	0.266	0.224
4.567	0.271	0.222
4.600	0.275	0.220
4.633	0.279	0.218
4.667	0.284	0.216
4.700	0.288	0.214
4.733	0.292	0.212
4.767	0.297	0.210
4.800	0.301	0.208
4.833	0.305	0.206
4.867	0.310	0.204
4.900	0.315	0.203
4.933	0.319	0.200
4.967	0.324	0.198
5.000	0.329	0.197
5.033	0.334	0.195
5.067	0.339	0.193
5.100	0.344	0.191
5.133	0.349	0.189
5.167	0.354	0.187
5.200	0.359	0.186
5.233	0.364	0.184
5.267	0.369	0.183
5.300	0.374	0.181
5.333	0.380	0.179
5.367	0.385	0.178
5.400	0.391	0.177
5.433	0.396	0.177
5.467	0.402	0.176
5.500	0.407	0.175
5.533	0.413	0.173
5.567	0.419	0.172
5.600	0.424	0.171
5.633	0.430	0.170
5.667	0.435	0.170
5.700	0.441	0.169
5.733	0.447	0.168
5.767	0.452	0.167
5.800	0.458	0.167
5.833	0.463	0.167
5.867	0.469	0.167
5.900	0.475	0.167
5.933	0.480	0.166
5.967	0.486	0.166
6.000	0.492	0.166
6.033	0.498	0.166
6.067	0.503	0.166
6.100	0.509	0.166
6.133	0.515	0.166
6.167	0.520	0.166
6.200	0.526	0.167
6.233	0.531	0.167
6.267	0.537	0.168
6.300	0.543	0.168
6.333	0.548	0.168
6.367	0.554	0.169
6.400	0.559	0.170
6.433	0.565	0.170
6.467	0.570	0.171
6.500	0.576	0.172
6.533	0.581	0.173
6.567	0.586	0.175
6.600	0.592	0.176
6.633	0.597	0.177
6.667	0.602	0.176
6.700	0.607	0.177
6.733	0.612	0.178
6.767	0.618	0.179
6.800	0.623	0.180
6.833	0.628	0.181
6.867	0.633	0.182
6.900	0.638	0.183
6.933	0.643	0.184
6.967	0.648	0.185
7.000	0.653	0.187
7.033	0.658	0.187
7.067	0.663	0.189
7.100	0.667	0.189
7.133	0.672	0.190
7.167	0.677	0.192
7.200	0.682	0.192
7.233	0.687	0.193
7.267	0.691	0.195
7.300	0.696	0.195
7.333	0.700	0.196
7.367	0.705	0.197
7.400	0.710	0.198
7.433	0.714	0.199
7.467	0.719	0.200
7.500	0.723	0.201
7.533	0.728	0.201
7.567	0.732	0.202
7.600	0.737	0.202
7.633	0.741	0.203
7.667	0.746	0.204
7.700	0.750	0.205
7.733	0.754	0.205
7.767	0.759	0.206
7.800	0.763	0.206
7.833	0.768	0.206
7.867	0.772	0.207
7.900	0.776	0.207
7.933	0.780	0.208
7.967	0.784	0.208
8.000	0.789	0.209
8.033	0.793	0.210
8.067	0.798	0.209
8.100	0.802	0.209
8.133	0.806	0.209
8.167	0.811	0.208
8.200	0.815	0.209
8.233	0.819	0.209
8.267	0.823	0.209
8.300	0.828	0.209
8.333	0.832	0.209
8.367	0.836	0.209
8.400	0.840	0.209
8.433	0.845	0.208
8.467	0.849	0.209
8.500	0.853	0.208
8.533	0.857	0.208
8.567	0.862	0.208
8.600	0.866	0.208
8.633	0.870	0.208
8.667	0.875	0.208
8.700	0.879	0.208
8.733	0.883	0.208
8.767	0.887	0.207
8.800	0.892	0.207
8.833	0.896	0.207
8.867	0.900	0.206
8.900	0.904	0.206
8.933	0.909	0.206
8.967	0.913	0.205
9.000	0.918	0.205
9.033	0.922	0.204
9.067	0.926	0.204
9.100	0.930	0.203
9.133	0.935	0.203
9.167	0.939	0.202
9.200	0.943	0.202
9.233	0.948	0.201
9.267	0.952	0.199
9.300	0.957	0.198
9.333	0.961	0.198
9.367	0.966	0.197
9.400	0.970	0.196
9.433	0.974	0.195
9.467	0.979	0.194
9.500	0.983	0.194
9.533	0.988	0.194
9.567	0.993	0.193
9.600	1.002	0.190
9.633	1.011	0.186
9.667	1.020	0.183
9.700	1.034	0.177
9.733	1.053	0.170
9.767	1.073	0.162
9.800	1.099	0.153
9.833	1.137	0.140
9.867	1.182	0.132
9.900	1.230	0.128
9.933	1.278	0.128
9.967	1.325	0.129
10.000	1.372	0.131
